Payment Number,Payment Amount,Principal,Interest,Balance
1,531.099,471.099,60,29528.9
2,531.099,472.041,59.0578,29056.9
3,531.099,472.985,58.1137,28583.9
4,531.099,473.931,57.1677,28109.9
5,531.099,474.879,56.2199,27635.1
6,531.099,475.829,55.2701,27159.2
7,531.099,476.781,54.3185,26682.5
8,531.099,477.734,53.3649,26204.7
9,531.099,478.69,52.4094,25726
10,531.099,479.647,51.4521,25246.4
11,531.099,480.606,50.4928,24765.8
12,531.099,481.568,49.5316,24284.2
13,531.099,482.531,48.5684,23801.7
14,531.099,483.496,47.6034,23318.2
15,531.099,484.463,46.6364,22833.7
16,531.099,485.432,45.6674,22348.3
17,531.099,486.403,44.6966,21861.9
18,531.099,487.375,43.7238,21374.5
19,531.099,488.35,42.749,20886.2
20,531.099,489.327,41.7723,20396.8
21,531.099,490.305,40.7937,19906.5
22,531.099,491.286,39.8131,19415.2
23,531.099,492.269,38.8305,18923
24,531.099,493.253,37.8459,18429.7
25,531.099,494.24,36.8594,17935.5
26,531.099,495.228,35.871,17440.3
27,531.099,496.219,34.8805,16944
28,531.099,497.211,33.8881,16446.8
29,531.099,498.205,32.8936,15948.6
30,531.099,499.202,31.8972,15449.4
31,531.099,500.2,30.8988,14949.2
32,531.099,501.201,29.8984,14448
33,531.099,502.203,28.896,13945.8
34,531.099,503.207,27.8916,13442.6
35,531.099,504.214,26.8852,12938.4
36,531.099,505.222,25.8768,12433.2
37,531.099,506.233,24.8663,11926.9
38,531.099,507.245,23.8539,11419.7
39,531.099,508.26,22.8394,10911.4
40,531.099,509.276,21.8229,10402.2
41,531.099,510.295,20.8043,9891.86
42,531.099,511.315,19.7837,9380.54
43,531.099,512.338,18.7611,8868.21
44,531.099,513.363,17.7364,8354.84
45,531.099,514.389,16.7097,7840.45
46,531.099,515.418,15.6809,7325.04
47,531.099,516.449,14.6501,6808.59
48,531.099,517.482,13.6172,6291.11
49,531.099,518.517,12.5822,5772.59
50,531.099,519.554,11.5452,5253.03
51,531.099,520.593,10.5061,4732.44
52,531.099,521.634,9.46488,4210.81
53,531.099,522.677,8.42161,3688.13
54,531.099,523.723,7.37626,3164.41
55,531.099,524.77,6.32881,2639.64
56,531.099,525.82,5.27927,2113.82
57,531.099,526.871,4.22763,1586.95
58,531.099,527.925,3.17389,1059.02
59,531.099,528.981,2.11804,530.039
60,531.099,530.039,1.06008,-3.02066e-10
